2.203206566789170807e-03 1.977808098471268636e-02
2.115021584402302073e-03 1.992782570897962818e-02
2.026188751879587618e-03 2.007146636093849051e-02
1.936735279504944989e-03 2.020895894215752470e-02
1.846688567695094034e-03 2.034026133742747322e-02
1.756076198562411600e-03 2.046533332765167884e-02
1.664925927487321362e-03 2.058413660214239091e-02
1.573265674619750811e-03 2.069663477038286015e-02
1.481123516323551177e-03 2.080279337319631758e-02
1.388527676567533195e-03 2.090257989322041529e-02
1.295506518290040748e-03 2.099596376495982061e-02
1.202088534713086770e-03 2.108291638409053384e-02
1.108302340602384866e-03 2.116341111625494667e-02
1.014176663510192849e-03 2.123742330516968993e-02
9.197403349817910578e-04 2.130493028025545743e-02
8.250222817174989549e-04 2.136591136351539619e-02
7.300515166989289843e-04 2.142034787587767525e-02
6.348571303349459169e-04 2.146822314296807643e-02
5.394682815192014839e-04 2.150952250015866068e-02
4.439141887197722912e-04 2.154423329707770562e-02
3.482241210061453218e-04 2.157234490149456327e-02
2.524273891109990648e-04 2.159384870257932687e-02
1.565533364394700369e-04 2.160873811352944512e-02
6.063133006724645265e-05 2.161700857356834912e-02
-3.530924822478011678e-05 2.161865754939227072e-02
-1.312390109755980972e-04 2.161368453589313995e-02
-2.271285740381321304e-04 2.160209105636981194e-02
-3.229485655719286849e-04 2.158388066198585475e-02
-4.186696350592120715e-04 2.155905893077170871e-02
-5.142624622692219555e-04 2.152763346582080295e-02
-6.096977662531902122e-04 2.148961389305972802e-02
-7.049463143352533790e-04 2.144501185821473532e-02
-7.999789310103241902e-04 2.139384102328805576e-02
-8.947665069492237748e-04 2.133611706236994074e-02
-9.892800078529708115e-04 2.127185765682964441e-02
-1.083490483386295939e-03 2.120108248990308988e-02
-1.177369076042693568e-03 2.112381324065834912e-02
-1.270887029951441776e-03 2.104007357737222583e-02
-1.364015699736301993e-03 2.094988915022705234e-02
-1.456726559233261680e-03 2.085328758355353695e-02
-1.548991210278501856e-03 2.075029846727718605e-02
-1.640781391382204867e-03 2.064095334788029062e-02
-1.732068986383659449e-03 2.052528571875943467e-02
-1.822826033069514188e-03 2.040333100994953103e-02
-1.913024731738725099e-03 2.027512657728923820e-02
-2.002637453725844043e-03 2.014071169092930894e-02
-2.091636749836096442e-03 2.000012752337492275e-02
-2.179995358797057279e-03 1.985341713679827577e-02
-2.267686215562388346e-03 1.970062546994402058e-02
-2.354682459641926386e-03 1.954179932424883470e-02
-2.440957443291080602e-03 1.937698734960080840e-02
-2.526484739719131716e-03 1.920624002938553163e-02
-2.611238151137948611e-03 1.902960966504508786e-02
-2.695191716816058326e-03 1.884715036005908673e-02
-2.778319721023049874e-03 1.865891800333869741e-02
-2.860596700899969546e-03 1.846497025215762533e-02
-2.941997454277002749e-03 1.826536651444333331e-02
-3.022497047356384730e-03 1.806016793064304030e-02
-3.102070822398502771e-03 1.784943735491007280e-02
-3.180694405237154132e-03 1.763323933592205253e-02
-3.258343712763202976e-03 1.741164009706782853e-02
-3.334994960296275204e-03 1.718470751619947598e-02
-3.410624668863574457e-03 1.695251110480500492e-02
-3.485209672409450565e-03 1.671512198673361788e-02
-3.558727124874899728e-03 1.647261287640569907e-02
-3.631154507206552952e-03 1.622505805654232344e-02
-3.702469634237455856e-03 1.597253335541913566e-02
-3.772650661508654933e-03 1.571511612362484767e-02
-3.841676091940193338e-03 1.545288521036042653e-02
-3.909524782420409870e-03 1.518592093932941492e-02
-3.976175950286285621e-03 1.491430508407808574e-02
-4.041609179678938221e-03 1.463812084300120282e-02
-4.105804427821396589e-03 1.435745281379798011e-02
-4.168742031124383039e-03 1.407238696762550326e-02
-4.230402711236432890e-03 1.378301062270895910e-02
-4.290767580937581913e-03 1.348941241763084407e-02
-4.349818149921517128e-03 1.319168228416600294e-02
-4.407536330469298720e-03 1.288991141972319759e-02
-4.463904442987791724e-03 1.258419225943911354e-02
-4.518905221408733505e-03 1.227461844784775644e-02
-4.572521818505669890e-03 1.196128481018526174e-02
-4.624737811024653977e-03 1.164428732336976642e-02
-4.675537204746743440e-03 1.132372308657693741e-02
-4.724904439354110641e-03 1.099969029152099084e-02
-4.772824393220426870e-03 1.067228819236529062e-02
-4.819282388033386925e-03 1.034161707530805753e-02
-4.864264193290807926e-03 1.000777822790280616e-02
-4.907756030660656403e-03 9.670873907977318301e-03
-4.949744578202672218e-03 9.331007312368957626e-03
-4.990216974445378130e-03 8.988282545261608650e-03
-5.029160822331997169e-03 8.642804586346841331e-03
-5.066564193009341112e-03 8.294679258619323120e-03
-5.102415629489544593e-03 7.944013196009975381e-03
-5.136704150153413757e-03 7.590913810686033408e-03
-5.169419252122259452e-03 7.235489260163977497e-03
-5.200550914461772763e-03 6.877848414178629535e-03
-5.230089601266594938e-03 6.518100821341120746e-03
-5.258026264568897885e-03 6.156356675580916711e-03
-5.284352347121895437e-03 5.792726782382225624e-03
-5.309059785003832424e-03 5.427322524848225693e-03
-5.332141010108650339e-03 5.060255829595048521e-03
-5.353588952445687693e-03 4.691639132453436292e-03
-5.373397042318140554e-03 4.321585344035558038e-03
-5.391559212331771718e-03 3.950207815139749820e-03
-5.408069899249887819e-03 3.577620302056170112e-03
-5.422924045700631621e-03 3.203936931678199110e-03
-5.436117101725829875e-03 2.829272166596647365e-03
-5.447645026170233606e-03 2.453740769992894793e-03
-5.457504287931530355e-03 2.077457770510608877e-03
-5.465691867025041992e-03 1.700538427023893379e-03
-5.472205255521860566e-03 1.323098193321327028e-03
-5.477042458319739474e-03 9.452526827346912058e-04
-5.480201993729044881e-03 5.671176327475166120e-04
-5.481682893963639967e-03 1.888088695300848424e-04
-5.481484705411767203e-03 -1.895577275550242035e-04
-5.479607488770584824e-03 -5.678662613887334532e-04
-5.476051819055230765e-03 -9.460008526864652819e-04
-5.470818785399200225e-03 -1.323845675408698080e-03
-5.463909990727019821e-03 -1.701284992287981773e-03
-5.455327551264451021e-03 -2.078203190267957461e-03
-5.445074095890238726e-03 -2.454484815913498055e-03
-5.433152765330023434e-03 -2.830014610775298881e-03
-5.419567211193978239e-03 -3.204677546701907662e-03
-5.404321594861111015e-03 -3.578358861057917041e-03
-5.387420586198641247e-03 -3.950944091902900725e-03
-5.368869362137340152e-03 -4.322319113022918095e-03
-5.348673605086478287e-03 -4.692370168911628135e-03
-5.326839501189616598e-03 -5.060983909605252899e-03
-5.303373738424529971e-03 -5.428047425382724785e-03
-5.278283504566530851e-03 -5.793448281394848916e-03
-5.251576484983229778e-03 -6.157074552082739127e-03
-5.223260860272433553e-03 -6.518814855434144039e-03
-5.193345303764218025e-03 -6.878558387145758055e-03
-5.161838978863340401e-03 -7.236194954532061512e-03
-5.128751536242781919e-03 -7.591615010302511790e-03
-5.094093110883463060e-03 -7.944709686089242162e-03
-5.057874318967012055e-03 -8.295370825817041313e-03
-5.020106254642646253e-03 -8.643491018826420999e-03
-4.980800486604397906e-03 -8.988963632762563688e-03
-4.939969054563155861e-03 -9.331682846275711832e-03
-4.897624465558760541e-03 -9.671543681364526759e-03
-4.853779690110522453e-03 -1.000844203561102042e-02
-4.808448158273481016e-03 -1.034227471401419178e-02
-4.761643755503403193e-03 -1.067293946061739773e-02
-4.713380818408375444e-03 -1.100033498983758046e-02
-4.663674130363760183e-03 -1.132436101747401683e-02
-4.612538916972407955e-03 -1.164491829145295615e-02
-4.559990841409220820e-03 -1.196190862217824495e-02
-4.506045999623981869e-03 -1.227523491267467487e-02
-4.450720915410098441e-03 -1.258480118826755742e-02
-4.394032535332253325e-03 -1.289051262603251730e-02
-4.335998223556329460e-03 -1.319227558380090502e-02
-4.276635756513032759e-03 -1.348999762886645727e-02
-4.215963317456088849e-03 -1.378358756626916516e-02
-4.153999490907186662e-03 -1.407295546680864713e-02
-4.090763256933803958e-03 -1.435801269445868313e-02
-4.026273985376418833e-03 -1.463867193364105229e-02
-3.960551429866131928e-03 -1.491484721590096395e-02
-3.893615721822139830e-03 -1.518645394626593099e-02
-3.825487364251593109e-03 -1.545340892915584782e-02
-3.756187225481341738e-03 -1.571563039385050556e-02
-3.685736532766898527e-03 -1.597303801955580679e-02
-3.614156865792463643e-03 -1.622555296000157896e-02
-3.541470150053802838e-03 -1.647309786759566450e-02
-3.467698650144974710e-03 -1.671559691709532600e-02
-3.392864962938840854e-03 -1.695297582886971799e-02
-3.316992010667527135e-03 -1.718516189161342633e-02
-3.240103033899281205e-03 -1.741208398465611193e-02
-3.162221584416959053e-03 -1.763367259971143630e-02
-3.083371518021305654e-03 -1.784985986219475573e-02
-3.003576987179993121e-03 -1.806057955200106313e-02
-2.922862433688166138e-03 -1.826576712379514647e-02
-2.841252581131717674e-03 -1.846535972678514659e-02
-2.758772427347476464e-03 -1.865929622394097570e-02
-2.675447236748687129e-03 -1.884751721079426859e-02
-2.591302532588597978e-03 -1.902996503354617910e-02
-2.506364089147858007e-03 -1.920658380678541555e-02
-2.420657923835159084e-03 -1.937731943059863016e-02
-2.334210289222590946e-03 -1.954211960713785404e-02
-2.247047664996758027e-03 -1.970093385660714666e-02
-2.159196749852171186e-03 -1.985371353278750708e-02
-2.070684453317605395e-03 -2.000041183788171112e-02
-1.981537887506366370e-03 -2.014098383688395222e-02
-1.891784358809044846e-03 -2.027538647131819222e-02
-1.801451359544422801e-03 -2.040357857245730933e-02
-1.710566559518785206e-03 -2.052552087390258767e-02
-1.619157797565355748e-03 -2.064117602363679457e-02
-1.527253073011754312e-03 -2.075050859543985798e-02
-1.434880537098856849e-03 -2.085348509975375880e-02
-1.342068484371692575e-03 -2.095007399397061376e-02
-1.248845343988046978e-03 -2.104024569201853184e-02
-1.155239671046229613e-03 -2.112397257351824459e-02
-1.061280137790134069e-03 -2.120122899215225176e-02
-9.669955248838678222e-04 -2.127199128359822181e-02
-8.724147125468395244e-04 -2.133623777272220315e-02
-7.775666717356397029e-04 -2.139394878025064825e-02
-6.824804552560389875e-04 -2.144510662878212209e-02
-5.871851888741134486e-04 -2.148969564820758446e-02
-4.917100623856165498e-04 -2.152770218050434683e-02
-3.960843206769934207e-04 -2.155911458393909574e-02
-3.003372547795788577e-04 -2.158392323659998405e-02
-2.044981928816255539e-04 -2.160212053937707669e-02
-1.085964913449240997e-04 -2.161370091827415768e-02
-1.266152572233618457e-05 -2.161866082611697479e-02
8.327731823370958925e-05 -2.161699874364091459e-02
1.791906536033750601e-04 -2.160871517995666818e-02
2.750491012565753107e-04 -2.159381267239041460e-02
3.708232989051998504e-04 -2.157229578572038980e-02
4.664839100338839827e-04 -2.154417111076619568e-02
5.620016329439195138e-04 -2.150944726235771640e-02
6.573472096983310397e-04 -2.146813487672781864e-02
7.524914350877764512e-04 -2.142024660822817658e-02
8.474051655801215222e-04 -2.136579712547385587e-02
9.420593282462864622e-04 -2.130480310682347431e-02
1.036424929664592036e-03 -2.123728323530343562e-02
1.130473064799928122e-03 -2.116325819284025148e-02
1.224174925867703868e-03 -2.108275065399323189e-02
1.317501811140668957e-03 -2.099578527893109642e-02
1.410425133757638519e-03 -2.090238870593207759e-02
1.502916430463552364e-03 -2.080258954321027517e-02
1.594947370338941359e-03 -2.069641836014589689e-02
1.686489763491685889e-03 -2.058390767792431589e-02
1.777515569655116826e-03 -2.046509195958470112e-02
1.867996906805990780e-03 -2.034000759944547959e-02
1.957906059700741021e-03 -2.020869291197618239e-02
2.047215488348609613e-03 -2.007118812005385250e-02
2.135897836474215297e-03 -1.992753534261876638e-02
2.223925939877408400e-03 -1.977777858180937431e-02
2.311272834754389809e-03 -1.962196370948201055e-02
2.397911765967773549e-03 -1.946013845312400542e-02
2.483816195232437657e-03 -1.929235238127178370e-02
2.568959809249145559e-03 -1.911865688830678700e-02
2.653316527763040049e-03 -1.893910517872084143e-02
2.736860511550576452e-03 -1.875375225082672945e-02
2.819566170338900883e-03 -1.856265487987775187e-02
2.901408170644978902e-03 -1.836587160073258410e-02
2.982361443519575012e-03 -1.816346268987002743e-02
3.062401192251433275e-03 -1.795549014696276938e-02
3.141502899948692400e-03 -1.774201767587270037e-02
3.219642337037578825e-03 -1.752311066514644633e-02
3.296795568713485960e-03 -1.729883616796143789e-02
3.372938962245204328e-03 -1.706926288161416186e-02
3.448049194223934150e-03 -1.683446112647197027e-02
3.522103257714546704e-03 -1.659450282442317959e-02
3.595078469284653921e-03 -1.634946147684805673e-02
3.666952475977287330e-03 -1.609941214213031838e-02
3.737703262128331833e-03 -1.584443141262304941e-02
3.807309156147161647e-03 -1.558459739121888579e-02
3.875748837113770270e-03 -1.531998966740858066e-02
3.943001341339054909e-03 -1.505068929293360003e-02
4.009046068781363902e-03 -1.477677875690808565e-02
4.073862789340460325e-03 -1.449834196059562701e-02
4.137431649074696342e-03 -1.421546419170333260e-02
4.199733176267983481e-03 -1.392823209822581336e-02
4.260748287401259875e-03 -1.363673366194698665e-02
4.320458293001740169e-03 -1.334105817144889787e-02
4.378844903354460472e-03 -1.304129619479506459e-02
4.435890234118228768e-03 -1.273753955179169998e-02
4.491576811791042102e-03 -1.242988128581555378e-02
4.545887579072654602e-03 -1.211841563536525217e-02
4.598805900089898528e-03 -1.180323800517938705e-02
4.650315565482794622e-03 -1.148444493699323811e-02
4.700400797375348452e-03 -1.116213407999581443e-02
4.749046254217623338e-03 -1.083640416089683665e-02
4.796237035462965967e-03 -1.050735495371153683e-02
4.841958686150097182e-03 -1.017508724916225439e-02
4.886197201328582387e-03 -9.839702823842257084e-03
4.928939030341411044e-03 -9.501304409018361194e-03
4.970171080981793110e-03 -9.159995659166643781e-03
5.009880723503476289e-03 -8.815881120228231255e-03
5.048055794484716807e-03 -8.469066197587610256e-03
5.084684600555578263e-03 -8.119657123770739060e-03
5.119755921987017254e-03 -7.767760925925342765e-03
5.153259016114973383e-03 -7.413485393015692947e-03
5.185183620643016474e-03 -7.056939042832081552e-03
5.215519956774473942e-03 -6.698231088725267388e-03
5.244258732217482732e-03 -6.337471406174082118e-03
5.271391144027012809e-03 -5.974770499105536321e-03
5.296908881301153928e-03 -5.610239466080951115e-03
5.320804127729429622e-03 -5.243989966227074161e-03
5.343069563977868516e-03 -4.876134185072959412e-03
5.363698369947799902e-03 -4.506784800135779472e-03
5.382684226846613969e-03 -4.136054946477654183e-03
5.400021319139076785e-03 -3.764058181968735033e-03
5.415704336316786403e-03 -3.390908452571993106e-03
5.429728474528099091e-03 -3.016720057409692530e-03
5.442089438055606326e-03 -2.641607613753578585e-03
5.452783440627272625e-03 -2.265686021913599236e-03
5.461807206566493024e-03 -1.889070430065493272e-03
5.469157971821282833e-03 -1.511876198941213435e-03
5.474833484779357412e-03 -1.134218866538958632e-03
5.478832006983147020e-03 -7.562141126933052699e-04
5.481152313649805333e-03 -3.779777236619381972e-04
5.481793694047449282e-03 3.744433540189318219e-07
5.480755951715639805e-03 3.787264956700684857e-04
5.478039404523064003e-03 7.569625406512730127e-04
5.473644884575339792e-03 1.134966721194446016e-03
5.467573737950937214e-03 1.512623251219697004e-03
5.459827824298191766e-03 1.889816451134777213e-03
5.450409516256169568e-03 2.266430783264622266e-03
5.439321698745022346e-03 2.642350887261841596e-03
5.426567768055898591e-03 3.017461615405391939e-03
5.412151630836872784e-03 3.391648067903911806e-03
5.396077702880934870e-03 3.764795628089458949e-03
5.378350907767229933e-03 4.136789997495891533e-03
5.358976675388069794e-03 4.507517230913616300e-03
5.337960940233837069e-03 4.876863771235501188e-03
5.315310139616587562e-03 5.244716484317136704e-03
5.291031211683378151e-03 5.610962693544866223e-03
5.265131593281262810e-03 5.975490214422258563e-03
5.237619217702028061e-03 6.338187388878894699e-03
5.208502512231936825e-03 6.698943119515899519e-03
5.177790395580287100e-03 7.057646903604672742e-03
5.145492275146212012e-03 7.414188866941135575e-03
5.111618044134352487e-03 7.768459797527427907e-03
5.076178078521631672e-03 8.120351178982250506e-03
5.039183233894664951e-03 8.469755223806300568e-03
5.000644842104036078e-03 8.816564906403012367e-03
4.960574707803862976e-03 9.160673995845337869e-03
4.918985104840113871e-03 9.501977088418069733e-03
4.875888772483715113e-03 9.840369639920102871e-03
4.831298911527595955e-03 1.017574799766725845e-02
4.785229180239339297e-03 1.050800943224734427e-02
4.737693690207394996e-03 1.083705216899276402e-02
4.688707001965271119e-03 1.116277541915980387e-02
4.638284120588411115e-03 1.148507941077740215e-02
4.586440491052292366e-03 1.180386541923836470e-02
4.533191993525130872e-03 1.211903579751933725e-02
4.478554938508840996e-03 1.243049400609769900e-02
4.422546061815454954e-03 1.273814464251866486e-02
4.365182519480130356e-03 1.304189347064138235e-02
4.306481882459000862e-03 1.334164744944218474e-02
4.246462131290048604e-03 1.363731476158923719e-02
4.185141650566978622e-03 1.392880484153198942e-02
4.122539223299919939e-03 1.421602840323210777e-02
4.058674025177662001e-03 1.449889746752622624e-02
3.993565618685188286e-03 1.477732538907048157e-02
3.927233947110739254e-03 1.505122688289086373e-02
3.859699328446567108e-03 1.532051805051209796e-02
3.790982449151509420e-03 1.558511640559631130e-02
3.721104357822768195e-03 1.584494089931344843e-02
3.650086458748424533e-03 1.609991194506648488e-02
3.577950505351549116e-03 1.634995144294431810e-02
3.504718593523763540e-03 1.659498280357550939e-02
3.430413154856111219e-03 1.683493097167498148e-02
3.355056949778269411e-03 1.706972244895319998e-02
3.278673060570941669e-03 1.729928531665578598e-02
3.201284884300407193e-03 1.752354925762856022e-02
3.122916125673830170e-03 1.774244557779681986e-02
3.043590789740685271e-03 1.795590722725153368e-02
2.963333174559145203e-03 1.816386882077178702e-02
2.882167863765670249e-03 1.836626665784137080e-02
2.800119719026261493e-03 1.856303874219610711e-02
2.717213872421491826e-03 1.875412480076234581e-02
2.633475718759544209e-03 1.893946630216532950e-02
2.548930907794736984e-03 1.911900647464076508e-02
2.463605336358974315e-03 1.929269032341347431e-02
2.377525140438018110e-03 1.946046464755956870e-02
2.290716687180449195e-03 1.962227805629329982e-02
2.203206566789401091e-03 1.977808098471154491e-02
